Testing for Part A
37.5
47.5
100.0
60.0

Testing for Part B
Old Table
95.5    100.0   100.0   100.0   100.0   110.3
0.0     50.0    50.0    50.0    50.0    0.0
0.0     40.0    40.0    40.0    40.0    0.0
0.0     20.0    20.0    20.0    20.0    0.0
0.0     0.0     0.0     0.0     0.0     0.0
New Table
95.5    100.0   100.0   100.0   100.0   110.3
0.0     47.5    60.0    60.0    47.5    0.0
0.0     27.5    37.5    37.5    27.5    0.0
0.0     15.0    20.0    20.0    15.0    0.0
0.0     0.0     0.0     0.0     0.0     0.0
Within Tolerence = false